10:
1952305
1531863
1000:
2326571
977808
1010534
1861759
79755
98259
1960212
97460
2623506
2409123
1959111
809597
2251189
537705
929584
506737
708895
1900790
2553920
1196779
2411446
1002296
1580442
100291
433455
2368043
906984
10000:
200206
523108
10001:
262828
2609496
1474804
831991
267142
2305771
220050
1959883
27822
2570808
90355
2417258
264764
143866
766895
714089
2350428
10002:
1450941
1213181
308502
2581993
10003:
1515111
10004:
1737087
1270334
1262711
1903515
2140798
2479158
2161335
2099522
1291600
2198877
2214717
1936582
84804
1257912
1263375
735147
1186407
350806
1141242
638738
590598
1704823
2238464
273497
2499539
2543444
119309
2540335
129495
956464
1648424
10005:
254775
1892654
469365
793736
926698
10006:
1093333
1982605
1534853
1632583
1002:
2174660
1685301
2030264
1419286
2520929
2035568
1288929
1680156
1858104
988266
2633719
156594
1384253
1417842
10020:
922636
1967058
1949297
1562927
2138373
431122
1077653
167248
776126
722639
2341725
1252652
251807
1751559
2398282
705246
47787
1064752
2308022
2414321
945481
1854443
2035232
951643
2381070
1011906
908968
10021:
2366406
1033592
249998
1205724
10022:
510391
268014
2511719
661571
1824779
2178013
2104013
1829777
10023:
1429287
1321374
2563028
679315
1363076
982889
2107604
2286495
1756370
2317624
2548120
10024:
2059382
1210053
1654205
2027932
311377
2161379
1611053
516686
2529292
2248946
10025:
1791064
10027:
401511
2354884
1951605
1609548
2620148
37748
2414149
748800
1050405
408479
2361485
97178
329172
307876
812384
1619494
978638
825069
2472069
1837559
1549473
163607
932638
2106623
2611092
2602187
2310492
916375
1591556
2389108
1422109
764479
1945345
2308597
2092389
2505218
1973874
174668
672519
2568396
2015359
2228062
202876
2163080
2422758
536155
1179516
1503954
1967313
2577872
2327767
1169517
2269919
1608374
425537
1658682
669364
2057570
564258
1744450
527270
1656050
2420503
767061
1200899
712624
1955071
347886
1229916
1825013
402519
523629
58130
1155332
685923
2605052
865625
919670
1606382
1637481
644233
2011133
2055639
1766599
2032781
2609268
1561126
572440
10028:
1986255
1312610
1527666
1606775
1649392
1522640
440956
10029:
2293890
1141552
1823836
2551226
10031:
548690
2518265
1575474
2203195
1578801
2614194
1224756
2157060
1528644
10032:
2329101
569745
640080
177766
1949239
624145
709091
2104131
688765
1390809
336400
1268066
470044
1791554
1920755
2317575
2488926
1212320
996425
123345
799400
824189
650940
1573281
910244
1547411
2222535
2458016
83110
1274574
1587304
2214218
677039
1903221
1879733
662218
1563172
1724551
775034
884907
2174325
739713
1169824
61009
319516
750365
1819621
10033:
1989027
1227591
1810636
1335621
1001590
1207661
1401075
2403799
791223
639727
1957988
1762834
1381789
334033
10034:
2107088
69088
10035:
1651047
811486
2112205
2070135
2148631
2212430
822400
49255
801884
1303306
2268521
929407
2172403
282064
1985000
88318
1408280
2440091
1813810
1727192
10036:
2105693
842613
2557615
2125051
397569
2636037
2063030
2159553
1531624
437680
2091752
10071
472432
215393
1324372
2619107
1904442
646572
1970420
2461533
1880905
2030429
1845130
1521902
2161
2134637
417734
1010725
1261548
2316498
2494106
1082992
2541752
1317259
42211
2214676
1554836
234405
41897
2536262
2240178
1097048
2124584
671935
1677871
1223288
2192915
2068878
426137
696122
455707
1714077
333914
707412
9450
1390002
970271
1873549
2494920
32361
556369
504989
1030812
2350832
2401396
2207277
2035729
2646867
1154500
1132428
558523
8580
22964
1595703
1995943
2023361
2437646
2303816
336016
2224280
2438187
2465683
845006
1934299
2021702
725549
2031681
1441351
259822
812240
1723408
1994101
1184088
511569
2008955
576406
1371204
33130
1125370
706530
1511155
1787860
8129
2026150
1190492
1581139
1522922
2598077
1647159
2354598
997168
1008576
2046106
1466613
109154
2257846
2525634
1391499
2535303
1394196
1699044
857146
195153
52147
2398282
1715538
1981250
1585765
87273
1281611
1549677
355111
383108
180775
730570
1961276
1850833
228544
2344026
1841778
1372729
1801097
1197941
2006300
1227437
1438082
1109446
1956794
1791704
1914110
992576
264916
578055
782690
2383290
1544559
2179884
173760
747219
1782055
2646027
1984941
440949
924842
755689
1211291
2574257
2345522
220702
730768
2469669
1409483
713561
1994152
734075
1815129
1396608
1742906
1573284
2570733
171163
2090999
1636781
275039
2332819
174415
730375
218046
915942
875205
2418467
1384878
586402
2460085
1493212
54040
1445403
2067671
2186035
25266
260961
1451269
2213786
130601
1643234
1010065
1752442
123767
2063882
2178343
1722278
1449174
387679
76156
442546
10037:
253214
612895
769764
396150
2555464
1988133
560277
1839686
2569369
1845071
1627613
948108
1316833
911710
10038:
885147
1144499
1411630
1069925
836219
1417121
461985
1148007
10039:
102104
1004:
910485
1970126
1557423
2148643
1520624
1231161
1590435
1913414
1535671
2412109
1096854
1233953
225310
184574
2598077
1835453
1116907
1418549
118064
1000266
233338
348207
849925
350505
2563972
158703
1501401
721577
1809784
1891207
288998
10040:
2417853
1207062
2487973
10041:
869522
61343
1325876
1786012
2387403
1595112
505035
181533
786031
1695980
60322
1837857
1690337
1102436
47942
1772519
1383323
2087310
299599
2472289
2493763
1634482
506757
2448355
2626214
1099321
482812
1312680
1011503
1674011
803169
10042:
86062
449288
1200637
826793
358207
2478232
1652074
738504
2349053
1359901
1936779
501007
640618
2075263
618643
1852416
2588589
1561
433300
1824896
927805
1302047
799952
1628424
42498
442949
214174
592214
821426
1928744
1583895
2222492
2289165
1693660
1177074
1857643
780937
763194
18335
1207292
864349
1848920
1663166
1073838
1729740
2184817
435239
1586124
367549
1504619
2121851
1311522
1158233
1786012
1813345
1725691
235364
2011360
1219488
1304553
1081209
355734
1207654
1554383
1552853
918917
1361045
1349810
1678227
2147040
2000309
1993790
1117935
157714
1648860
1236919
1785115
1667218
1983122
2113817
1019547
826291
392760
277127
224519
2178014
1756743
966437
2426972
2410757
72630
415554
1421967
1330313
1588401
1101658
559674
2635311
1303129
2429347
825911
2365447
664298
1077278
1849693
1856770
1195825
1244852
1489868
1294368
977299
2582290
1681172
428062
602626
2603832
7766
2427774
1605305
392602
1408842
1546331
571530
658627
1411717
2060760
997695
1772203
136341
1255980
1406374
1244512
664419
1285139
1124097
183462
2158577
39518
123923
1115357
1950649
1055743
759913
2176148
1900271
2561288
1648015
1878820
2490806
2450398
340411
1829200
2420556
135158
2602447
510657
2568440
860456
2409399
2482520
1555238
2338393
2034961
2421856
2483895
1738659
1016514
648196
1464896
3521
1427855
2162416
480507
605806
1582589
2260949
126913
1462261
1501345
1818803
2531096
2162935
1249250
1165360
706887
1213808
1931370
2571652
936928
2465115
1293776
2063559
1594234
1521559
1302357
1929636
1570293
1236841
1645365
278603
1575191
1553813
793065
52189
365149
1287583
972752
2523359
1625264
1055810
1053673
2588945
317437
1819410
1933557
1624788
780973
1823605
2522864
582720
109760
2166670
2136527
2498038
1343496
208264
2228961
1743516
569551
2198877
2244219
1135675
1808448
1036933
1648727
1493909
763919
1377376
113283
2103203
350940
55480
573087
1863195
1268644
1818373
639330
2444942
1959768
402940
276644
2566670
1595082
618895
847600
1737562
2306124
2172898
2132469
2338966
312508
671859
2270326
1039740
411152
2249254
1492074
1023326
664256
2171578
1995060
1028345
578830
1082955
116977
1097029
10035:
1651047
811486
2112205
2070135
2148631
2212430
822400
49255
801884
1303306
2268521
929407
2172403
282064
1985000
88318
1408280
2440091
1813810
1727192
10036:
2105693
842613
2557615
2125051
397569
2636037
2063030
2159553
1531624
437680
2091752
10071
472432
215393
1324372
2619107
1904442
646572
1970420
2461533
1880905
2030429
1845130
1521902
2161
2134637
417734
1010725
1261548
2316498
2494106
1082992
2541752
1317259
42211
2214676
1554836
234405
41897
2536262
2240178
1097048
2124584
671935
1677871
1223288
2192915
2068878
426137
696122
455707
1714077
333914
707412
9450
1390002
970271
1873549
2494920
32361
556369
504989
1030812
2350832
2401396
2207277
2035729
2646867
1154500
1132428
558523
8580
22964
1595703
1995943
2023361
2437646
2303816
336016
2224280
2438187
2465683
845006
1934299
2021702
725549
2031681
1441351
259822
812240
1723408
1994101
1184088
511569
2008955
576406
1371204
33130
1125370
706530
1511155
1787860
8129
2026150
1190492
1581139
1522922
2598077
1647159
2354598
997168
1008576
2046106
1466613
109154
2257846
2525634
1391499
2535303
1394196
1699044
857146
195153
52147
2398282
1715538
1981250
1585765
87273
1281611
1549677
355111
383108
180775
730570
1961276
1850833
228544
2344026
1841778
1372729
1801097
1197941
2006300
1227437
1438082
1109446
1956794
1791704
1914110
992576
264916
578055
782690
2383290
1544559
2179884
173760
747219
1782055
2646027
1984941
440949
924842
755689
1211291
2574257
2345522
220702
730768
2469669
1409483
713561
1994152
734075
1815129
1396608
1742906
1573284
2570733
171163
2090999
1636781
275039
2332819
174415
730375
218046
915942
875205
2418467
1384878
586402
2460085
1493212
54040
1445403
2067671
2186035
25266
260961
1451269
2213786
130601
1643234
1010065
1752442
123767
2063882
2178343
1722278
1449174
387679
76156
442546
10037:
253214
612895
769764
396150
2555464
1988133
560277
1839686
2569369
1845071
1627613
948108
1316833
911710
10038:
885147
1144499
1411630
1069925
836219
1417121
461985
1148007
10039:
102104
1004:
910485
1970126
1557423
2148643
1520624
1231161
1590435
1913414
1535671
2412109
1096854
1233953
225310
184574
2598077
1835453
1116907
1418549
118064
1000266
233338
348207
849925
350505
2563972
158703
1501401
721577
1809784
1891207
288998
10040:
2417853
1207062
2487973
10041:
869522
61343
1325876
1786012
2387403
1595112
505035
181533
786031
1695980
60322
1837857
1690337
1102436
47942
1772519
1383323
2087310
299599
2472289
2493763
1634482
506757
2448355
2626214
1099321
482812
1312680
1011503
1674011
803169
10042:
86062
449288
1200637
826793
358207
2478232
1652074
738504
2349053
1359901
1936779
501007
640618
2075263
618643
1852416
2588589
1561
433300
1824896
927805
1302047
799952
1628424
42498
442949
214174
592214
821426
1928744
1583895
2222492
2289165
1693660
1177074
1857643
780937
763194
18335
1207292
864349
1848920
1663166
1073838
1729740
2184817
435239
1586124
367549
1504619
2121851
1311522
1158233
1786012
1813345
1725691
235364
2011360
1219488
1304553
1081209
355734
1207654
1554383
1552853
918917
1361045
1349810
1678227
2147040
2000309
1993790
1117935
157714
1648860
1236919
1785115
1667218
1983122
2113817
1019547
826291
392760
277127
224519
2178014
1756743
966437
2426972
2410757
72630
415554
1421967
1330313
1588401
1101658
559674
2635311
1303129
2429347
825911
2365447
664298
1077278
1849693
1856770
1195825
1244852
1489868
1294368
977299
2582290
1681172
428062
602626
2603832
7766
2427774
1605305
392602
1408842
1546331
571530
658627
1411717
2060760
997695
1772203
136341
1255980
1406374
1244512
664419
1285139
1124097
183462
2158577
39518
123923
1115357
1950649
1055743
759913
2176148
1900271
2561288
1648015
1878820
2490806
2450398
340411
1829200
2420556
135158
2602447
510657
2568440
860456
2409399
2482520
1555238
2338393
2034961
2421856
2483895
1738659
1016514
648196
1464896
3521
1427855
2162416
480507
605806
1582589
2260949
126913
1462261
1501345
1818803
2531096
2162935
1249250
1165360
706887
1213808
1931370
2571652
936928
2465115
1293776
2063559
1594234
1521559
1302357
1929636
1570293
1236841
1645365
278603
1575191
1553813
793065
52189
365149
1287583
972752
2523359
1625264
1055810
1053673
2588945
317437
1819410
1933557
1624788
780973
1823605
2522864
582720
109760
2166670
2136527
2498038
1343496
208264
2228961
1743516
569551
2198877
2244219
1135675
1808448
1036933
1648727
1493909
763919
1377376
113283
2103203
350940
55480
573087
1863195
1268644
1818373
639330
2444942
1959768
402940
276644
2566670
1595082
618895
847600
1737562
2306124
2172898
2132469
2338966
312508
671859
2270326
1039740
411152
2249254
1492074
1023326
664256
2171578
1995060
1028345
578830
1082955
116977
1097029
1543693
2623937
931718
2524430
1116457
1838796
1661807
2166373
1519036
973661
551679
1039680
827712
417124
2346483
42318
1712565
1867253
818856
159934
1619493
2344760
1368605
355145
1598894
1486764
2304981
292258
1420468
2573652
2162543
429190
1818401
138064
1507820
1384977
1882731
823838
96722
2174770
533720
1248655
245303
1392109
2224280
2206144
2191211
1857745
2036644
1093116
348805
1252628
295633
222099
1585818
1846238
1891654
1371746
2126325
1874942
2088365
473956
2352245
1084427
2621148
118538
1756093
2090086
1538823
2639268
2287172
1683784
1529511
1149851
1381957
1316391
2176281
1968900
22601
2448196
1442411
1926334
1298111
2575043
294682
2082092
710030
1070065
2075183
2644901
312211
2340041
2426516
2049285
786420
2354891
1582028
2391518
1691088
1842969
1992363
739018
1700387
2138553
2562504
896747
1965448
2414774
774877
1862369
256499
1526753
1322407
493407
181582
1349128
66894
1915074
10044
2246937
372787
1095830
997960
1913378
1166011
2458049
1441831
2164887
2621082
1382836
162753
800145
508727
1937981
222333
1624040
1310028
745039
2166473
1111762
1006456
2378211
9937:
1533038
1483361
1514367
1683198
1306708
742428
402268
1412213
1611826
1211016
1367215
1603184
2258802
9938:
1871967
2328102
915950
491329
2466198
1568076
1556167
151982
417922
778911
2574761
9232:
1440448
440664
2190107
1410642
2240280
1532810
1263809
1255145
2571363
144472
1576712
921555
2466331
1620566
2156470
165653
1653860
2027416
2222999
654988
1725059
